# TRAPPIST-1 XUV spectrum at 1 au, 15-1000 A, 1 A bins
# Source: Mega-MUSCLES v25 SED, hlsp_muscles_multi_multi_trappist-1_broadband_v25_const-res-sed.fits
#         Wilson et al. 2021, ApJ 911, 18; doi:10.17909/T9DG6F; licence CC BY 4.0
#         15-50 A: XMM-Newton; 51-119 A: APEC coronal model; 120-1000 A: differential emission measure (DEM) model
# Converted from flux at Earth to 1 au with d = 12.43 pc (Gaia DR2): flux * (d / 1 au)^2 = flux * 6.573437e+12
# Use with x_unit = "angstrom" and scale = (1 au / a)^2, e.g. TRAPPIST-1 b (a = 0.01154 au): scale = 7509.2
# wavelength[A]  flux[erg cm^-2 s^-1 A^-1]
15.0 4.240420e-03
16.0 6.107949e-03
17.0 5.165214e-03
18.0 4.770737e-03
19.0 4.770737e-03
20.0 3.461035e-03
21.0 3.339368e-03
22.0 3.339368e-03
23.0 3.338295e-03
24.0 3.334004e-03
25.0 3.334004e-03
26.0 3.334004e-03
27.0 3.334004e-03
28.0 3.103340e-03
29.0 2.392519e-03
30.0 2.392519e-03
31.0 2.392519e-03
32.0 2.392519e-03
33.0 2.392519e-03
34.0 2.392519e-03
35.0 2.102909e-03
36.0 1.943512e-03
37.0 1.943512e-03
38.0 1.943512e-03
39.0 1.943512e-03
40.0 1.943512e-03
41.0 1.943512e-03
42.0 1.943512e-03
43.0 1.943512e-03
44.0 1.694977e-03
45.0 6.000914e-04
46.0 6.000914e-04
47.0 6.000914e-04
48.0 6.000914e-04
49.0 6.000914e-04
50.0 6.000914e-04
51.0 6.848721e-04
52.0 5.462513e-04
53.0 6.422527e-04
54.0 6.055986e-04
55.0 6.023105e-04
56.0 4.450861e-04
57.0 3.751535e-04
58.0 5.962794e-04
59.0 5.679108e-04
60.0 4.369977e-04
61.0 5.039319e-04
62.0 4.070453e-04
63.0 5.901585e-04
64.0 7.410820e-04
65.0 3.836665e-04
66.0 6.717838e-04
67.0 3.997148e-04
68.0 3.063365e-04
69.0 3.660593e-04
70.0 1.089007e-03
71.0 5.529566e-04
72.0 3.117824e-04
73.0 4.274753e-04
74.0 4.095948e-04
75.0 7.140894e-04
76.0 5.481848e-04
77.0 3.945022e-04
78.0 3.272868e-04
79.0 3.450594e-04
80.0 3.152826e-04
81.0 4.216872e-04
82.0 4.691717e-04
83.0 3.759249e-04
84.0 3.826506e-04
85.0 2.391176e-04
86.0 2.163005e-04
87.0 2.207417e-04
88.0 3.392102e-04
89.0 2.485024e-04
90.0 2.614144e-04
91.0 3.463292e-04
92.0 2.817595e-04
93.0 2.320963e-04
94.0 5.032594e-04
95.0 1.653361e-04
96.0 2.226639e-04
97.0 2.291200e-04
98.0 3.957128e-04
99.0 1.886556e-04
100.0 1.613244e-04
101.0 2.645165e-04
102.0 5.562147e-04
103.0 3.175038e-04
104.0 2.338034e-04
105.0 1.529236e-04
106.0 1.901708e-04
107.0 1.647199e-04
108.0 4.759292e-04
109.0 3.939153e-04
110.0 2.145750e-04
111.0 1.990445e-04
112.0 1.482392e-04
113.0 1.529581e-04
114.0 2.413030e-04
115.0 2.050718e-04
116.0 1.529346e-04
117.0 5.792657e-04
118.0 8.405437e-04
119.0 3.401227e-04
120.0 1.087275e-03
121.0 6.200686e-04
122.0 4.888798e-04
123.0 9.959368e-04
124.0 5.323171e-04
125.0 5.037423e-04
126.0 3.909690e-04
127.0 3.053154e-04
128.0 3.978592e-04
129.0 3.335165e-04
130.0 4.866620e-04
131.0 1.746077e-03
132.0 3.919934e-04
133.0 3.581615e-04
134.0 7.695180e-04
135.0 4.446723e-04
136.0 3.910889e-04
137.0 4.327518e-04
138.0 1.308515e-03
139.0 5.232787e-04
140.0 8.514927e-04
141.0 1.334786e-03
142.0 5.877930e-04
143.0 4.228202e-04
144.0 1.027286e-03
145.0 3.674327e-04
146.0 3.801451e-04
147.0 4.988931e-04
148.0 4.918216e-03
149.0 2.238211e-04
150.0 8.146892e-04
151.0 5.020273e-04
152.0 3.030121e-03
153.0 1.527207e-03
154.0 2.013565e-03
155.0 6.145629e-04
156.0 4.917892e-04
157.0 8.487709e-04
158.0 3.182334e-03
159.0 1.396596e-03
160.0 1.135275e-03
161.0 9.864518e-04
162.0 1.553252e-03
163.0 5.811522e-04
164.0 2.496874e-03
165.0 1.740214e-03
166.0 1.369126e-03
167.0 3.601704e-03
168.0 6.900020e-03
169.0 5.397569e-03
170.0 6.130116e-03
171.0 3.046850e-02
172.0 3.040665e-03
173.0 2.088060e-03
174.0 4.213269e-03
175.0 3.122937e-02
176.0 1.695221e-03
177.0 1.528945e-02
178.0 4.942730e-03
179.0 3.757206e-03
180.0 3.509684e-02
181.0 7.048213e-03
182.0 9.949769e-03
183.0 2.382034e-03
184.0 3.411399e-03
185.0 1.734860e-02
186.0 2.470905e-03
187.0 2.548079e-02
188.0 2.296116e-02
189.0 7.865290e-03
190.0 7.581784e-03
191.0 6.619755e-03
192.0 8.360421e-03
193.0 5.471639e-03
194.0 1.352963e-02
195.0 2.165204e-02
196.0 2.967395e-03
197.0 1.822214e-02
198.0 1.485107e-03
199.0 5.100540e-03
200.0 6.411689e-03
201.0 8.976062e-03
202.0 1.147283e-02
203.0 4.321310e-03
204.0 3.006608e-02
205.0 2.711209e-03
206.0 3.069652e-03
207.0 2.388716e-03
208.0 3.227510e-03
209.0 3.221110e-03
210.0 6.632985e-03
211.0 1.649659e-02
212.0 3.664789e-03
213.0 6.898497e-04
214.0 4.779195e-03
215.0 2.015134e-03
216.0 2.271410e-03
217.0 9.223139e-03
218.0 6.614285e-03
219.0 2.549376e-02
220.0 5.605834e-03
221.0 3.136071e-03
222.0 7.009391e-03
223.0 3.608870e-03
224.0 4.055249e-03
225.0 6.705096e-03
226.0 1.512736e-03
227.0 1.028880e-02
228.0 4.832293e-03
229.0 1.455723e-03
230.0 4.623898e-04
231.0 2.297279e-03
232.0 2.273012e-03
233.0 1.483333e-03
234.0 7.514286e-03
235.0 2.258032e-03
236.0 1.724826e-03
237.0 1.281568e-03
238.0 1.476357e-03
239.0 2.994921e-03
240.0 2.479189e-03
241.0 5.661677e-03
242.0 2.193483e-03
243.0 3.206061e-03
244.0 5.449267e-03
245.0 3.590588e-03
246.0 4.763209e-03
247.0 2.281355e-03
248.0 1.051847e-03
249.0 5.289828e-03
250.0 1.064606e-03
251.0 3.145447e-03
252.0 1.131801e-02
253.0 3.302716e-04
254.0 2.673494e-03
255.0 1.075600e-03
256.0 9.842147e-03
257.0 1.270317e-02
258.0 1.795457e-02
259.0 1.841822e-03
260.0 1.396487e-03
261.0 3.003334e-03
262.0 1.412240e-03
263.0 3.372541e-03
264.0 1.923418e-03
265.0 1.980239e-02
266.0 7.129086e-04
267.0 7.782215e-04
268.0 5.621772e-04
269.0 5.087731e-04
270.0 7.316105e-04
271.0 7.060467e-03
272.0 2.976672e-03
273.0 7.285622e-04
274.0 8.152154e-03
275.0 1.615680e-03
276.0 6.343646e-04
277.0 6.315452e-03
278.0 1.822820e-03
279.0 5.748601e-04
280.0 3.860497e-04
281.0 1.370109e-03
282.0 5.890739e-04
283.0 1.222647e-03
284.0 6.635126e-02
285.0 2.273632e-04
286.0 1.428602e-03
287.0 4.469720e-04
288.0 1.525478e-03
289.0 1.342527e-03
290.0 3.993919e-04
291.0 3.443241e-03
292.0 3.596665e-03
293.0 2.637870e-03
294.0 1.941029e-04
295.0 3.593340e-04
296.0 3.923965e-03
297.0 4.233350e-04
298.0 3.176997e-04
299.0 3.603260e-04
300.0 1.642199e-03
301.0 4.094964e-04
302.0 9.668193e-04
303.0 2.879622e-02
304.0 2.953160e-03
305.0 2.830767e-03
306.0 2.671253e-04
307.0 3.675123e-04
308.0 1.057398e-03
309.0 2.867438e-03
310.0 2.767432e-04
311.0 2.122844e-04
312.0 3.200396e-03
313.0 1.726670e-03
314.0 2.751984e-03
315.0 4.509823e-03
316.0 2.145710e-03
317.0 1.877090e-03
318.0 3.377913e-03
319.0 1.713126e-03
320.0 2.926948e-03
321.0 4.633575e-03
322.0 1.029750e-03
323.0 7.705968e-04
324.0 4.363486e-04
325.0 1.037336e-03
326.0 3.450944e-04
327.0 9.895578e-04
328.0 1.210671e-03
329.0 1.294908e-04
330.0 8.531744e-04
331.0 1.287498e-04
332.0 4.289241e-04
333.0 2.090411e-03
334.0 6.165653e-03
335.0 4.078873e-02
336.0 1.143129e-04
337.0 3.972923e-04
338.0 2.341799e-03
339.0 1.048190e-03
340.0 5.319245e-04
341.0 1.938994e-03
342.0 1.158203e-03
343.0 2.503972e-04
344.0 1.344998e-04
345.0 2.769559e-03
346.0 1.877421e-03
347.0 4.884543e-03
348.0 2.052493e-03
349.0 1.438151e-03
350.0 4.351046e-03
351.0 5.515142e-04
352.0 2.673270e-03
353.0 3.529572e-03
354.0 7.412495e-03
355.0 1.822685e-04
356.0 6.645737e-03
357.0 9.728080e-04
358.0 4.966821e-04
359.0 1.870949e-03
360.0 3.563296e-03
361.0 1.905135e-02
362.0 7.080385e-05
363.0 8.515726e-05
364.0 4.009982e-03
365.0 1.851682e-03
366.0 1.121210e-03
367.0 3.910943e-04
368.0 2.174987e-02
369.0 1.015355e-03
370.0 5.494276e-05
371.0 4.210742e-04
372.0 2.019770e-04
373.0 2.011754e-04
374.0 1.163449e-04
375.0 1.137930e-04
376.0 2.135768e-04
377.0 1.107881e-04
378.0 2.785328e-04
379.0 5.196293e-05
380.0 1.478755e-04
381.0 1.142770e-04
382.0 6.770245e-05
383.0 4.620791e-04
384.0 2.145816e-04
385.0 4.244677e-04
386.0 1.525264e-04
387.0 1.151465e-04
388.0 3.010086e-04
389.0 1.093966e-04
390.0 7.128792e-04
391.0 5.232281e-05
392.0 4.415025e-04
393.0 8.283117e-05
394.0 1.150705e-04
395.0 1.562042e-04
396.0 1.089113e-04
397.0 5.522393e-05
398.0 7.877667e-05
399.0 1.651533e-04
400.0 2.699638e-04
401.0 8.050326e-04
402.0 9.412709e-04
403.0 5.726191e-04
404.0 1.548374e-04
405.0 4.965353e-05
406.0 1.010217e-04
407.0 1.216318e-04
408.0 1.182130e-04
409.0 5.188733e-05
410.0 3.128856e-04
411.0 5.344483e-04
412.0 4.249994e-04
413.0 3.300096e-04
414.0 1.189565e-04
415.0 5.771384e-05
416.0 2.717606e-04
417.0 3.291133e-03
418.0 1.849007e-03
419.0 3.477245e-05
420.0 1.835089e-04
421.0 2.045512e-04
422.0 4.613660e-05
423.0 1.286732e-04
424.0 3.828094e-05
425.0 2.227069e-05
426.0 2.591633e-05
427.0 6.797585e-05
428.0 1.640574e-04
429.0 2.887330e-04
430.0 1.694079e-03
431.0 7.554715e-04
432.0 5.277692e-05
433.0 2.399933e-04
434.0 6.543728e-05
435.0 1.225481e-03
436.0 4.466627e-04
437.0 3.016724e-03
438.0 6.579659e-05
439.0 3.602194e-04
440.0 4.684837e-05
441.0 2.847863e-04
442.0 5.026799e-05
443.0 1.722110e-04
444.0 9.946492e-04
445.0 4.174799e-05
446.0 8.137065e-04
447.0 1.146042e-03
448.0 2.773061e-04
449.0 2.317335e-05
450.0 3.146875e-05
451.0 3.831184e-05
452.0 3.560201e-05
453.0 3.258419e-05
454.0 3.876173e-05
455.0 6.132765e-05
456.0 7.123636e-05
457.0 2.931453e-05
458.0 5.192243e-05
459.0 2.764220e-05
460.0 7.398398e-05
461.0 1.281718e-04
462.0 1.148318e-04
463.0 3.427777e-05
464.0 2.235809e-05
465.0 4.273663e-03
466.0 1.011910e-03
467.0 6.285446e-04
468.0 1.835608e-05
469.0 2.733885e-05
470.0 8.016501e-05
471.0 4.689340e-05
472.0 4.140618e-05
473.0 5.579492e-05
474.0 1.859020e-05
475.0 1.910149e-05
476.0 2.026863e-05
477.0 2.098006e-05
478.0 1.988433e-05
479.0 3.133517e-05
480.0 1.226021e-04
481.0 5.963133e-04
482.0 6.507759e-05
483.0 1.697004e-04
484.0 2.499714e-05
485.0 1.160694e-04
486.0 2.699571e-05
487.0 3.632592e-04
488.0 2.859276e-05
489.0 1.329496e-04
490.0 5.882947e-05
491.0 2.333008e-04
492.0 1.161856e-04
493.0 5.706641e-05
494.0 5.264127e-05
495.0 1.773125e-05
496.0 4.656484e-05
497.0 2.017296e-05
498.0 3.818366e-05
499.0 1.248507e-02
500.0 7.812623e-05
501.0 2.818058e-05
502.0 1.714435e-05
503.0 3.079389e-05
504.0 1.442888e-05
505.0 2.715637e-05
506.0 5.297455e-05
507.0 3.366099e-05
508.0 8.671088e-05
509.0 1.720665e-05
510.0 4.967727e-04
511.0 1.834724e-05
512.0 2.423512e-05
513.0 2.238427e-05
514.0 1.726989e-05
515.0 1.569405e-05
516.0 4.822128e-05
517.0 2.567058e-05
518.0 2.716765e-05
519.0 6.446140e-05
520.0 1.101627e-04
521.0 6.065931e-03
522.0 3.327213e-05
523.0 1.502375e-05
524.0 1.489705e-05
525.0 1.754006e-05
526.0 7.801813e-05
527.0 1.814235e-05
528.0 1.681705e-05
529.0 1.927976e-05
530.0 3.036828e-05
531.0 2.614392e-05
532.0 4.850300e-05
533.0 1.827496e-05
534.0 1.758388e-05
535.0 1.418898e-05
536.0 2.407826e-05
537.0 2.850130e-05
538.0 4.694486e-05
539.0 8.494004e-05
540.0 3.090809e-05
541.0 3.875904e-05
542.0 5.393153e-05
543.0 1.325303e-05
544.0 1.309774e-04
545.0 2.737729e-05
546.0 1.439137e-05
547.0 1.329451e-05
548.0 1.397645e-05
549.0 4.781105e-05
550.0 1.121068e-03
551.0 4.529723e-05
552.0 5.074830e-05
553.0 1.261574e-04
554.0 2.408577e-04
555.0 6.367272e-04
556.0 1.601438e-05
557.0 1.385336e-05
558.0 1.168548e-03
559.0 4.504316e-04
560.0 9.135890e-05
561.0 9.942221e-05
562.0 2.419315e-04
563.0 7.274484e-04
564.0 1.761092e-05
565.0 8.734642e-05
566.0 2.780890e-05
567.0 1.785690e-05
568.0 6.066781e-04
569.0 6.951663e-05
570.0 1.203282e-04
571.0 2.378402e-05
572.0 1.958730e-04
573.0 1.875221e-05
574.0 5.935986e-04
575.0 7.646678e-05
576.0 1.510853e-05
577.0 1.308043e-05
578.0 1.331577e-05
579.0 1.546019e-05
580.0 1.844366e-05
581.0 1.023654e-03
582.0 2.263084e-05
583.0 5.432119e-05
584.0 1.452868e-04
585.0 2.433498e-05
586.0 1.343947e-04
587.0 2.173674e-05
588.0 1.424436e-05
589.0 1.510060e-05
590.0 1.340875e-05
591.0 1.335947e-05
592.0 2.611182e-05
593.0 6.780412e-05
594.0 1.744154e-05
595.0 1.614735e-05
596.0 2.037903e-05
597.0 7.257595e-05
598.0 2.536371e-05
599.0 1.908415e-05
600.0 1.135255e-04
601.0 1.368297e-05
602.0 1.780521e-05
603.0 1.395073e-05
604.0 1.801976e-04
605.0 2.707773e-05
606.0 1.556666e-05
607.0 1.641770e-05
608.0 1.216693e-04
609.0 1.657331e-05
610.0 1.138464e-02
611.0 4.222300e-05
612.0 4.058305e-05
613.0 2.533207e-05
614.0 1.108466e-05
615.0 1.304890e-05
616.0 2.412722e-05
617.0 3.713510e-05
618.0 1.424771e-05
619.0 1.098003e-05
620.0 1.288652e-05
621.0 1.341709e-04
622.0 1.417221e-05
623.0 2.377080e-05
624.0 3.003750e-05
625.0 5.984424e-03
626.0 9.047472e-05
627.0 1.631780e-05
628.0 1.570007e-05
629.0 1.306171e-05
630.0 2.541246e-03
631.0 2.510389e-05
632.0 1.338454e-05
633.0 1.402363e-05
634.0 1.660578e-05
635.0 1.397088e-05
636.0 4.348067e-05
637.0 1.691587e-05
638.0 1.051900e-04
639.0 2.581644e-04
640.0 2.074232e-05
641.0 2.377781e-05
642.0 3.073228e-05
643.0 1.905428e-05
644.0 2.378037e-05
645.0 1.363220e-05
646.0 1.543052e-05
647.0 1.219292e-05
648.0 2.515055e-05
649.0 8.269486e-05
650.0 1.636637e-05
651.0 2.145397e-05
652.0 3.726223e-05
653.0 1.219803e-05
654.0 1.613024e-05
655.0 1.103556e-05
656.0 1.382576e-05
657.0 4.882162e-05
658.0 2.596934e-05
659.0 1.317009e-05
660.0 2.111657e-05
661.0 4.699082e-05
662.0 1.871320e-05
663.0 2.931719e-05
664.0 1.798198e-05
665.0 2.441358e-05
666.0 1.573641e-05
667.0 1.407551e-05
668.0 1.254254e-05
669.0 1.254687e-05
670.0 3.374583e-05
671.0 1.839385e-05
672.0 1.585374e-05
673.0 1.638997e-05
674.0 1.362709e-05
675.0 1.220670e-05
676.0 1.974746e-05
677.0 9.306560e-05
678.0 2.266886e-05
679.0 1.451948e-05
680.0 3.232806e-05
681.0 3.504199e-05
682.0 4.403556e-04
683.0 1.154905e-05
684.0 1.953364e-05
685.0 2.270393e-05
686.0 9.377626e-05
687.0 3.257860e-05
688.0 2.266007e-05
689.0 1.974219e-05
690.0 1.710831e-05
691.0 7.299774e-05
692.0 3.589142e-05
693.0 1.698942e-05
694.0 2.263709e-04
695.0 1.994734e-04
696.0 9.476872e-06
697.0 8.920417e-05
698.0 1.462414e-05
699.0 1.686009e-05
700.0 1.551675e-04
701.0 1.052521e-05
702.0 4.323849e-05
703.0 8.634071e-05
704.0 1.502903e-04
705.0 1.142309e-05
706.0 6.800416e-04
707.0 1.770076e-05
708.0 3.660817e-05
709.0 2.038025e-05
710.0 1.024971e-05
711.0 3.466355e-05
712.0 2.345819e-05
713.0 2.540104e-05
714.0 9.210267e-05
715.0 1.803018e-05
716.0 1.064971e-05
717.0 2.070952e-05
718.0 2.007911e-05
719.0 6.324982e-05
720.0 9.926854e-06
721.0 1.161733e-04
722.0 1.347114e-05
723.0 1.636480e-05
724.0 2.447907e-05
725.0 1.006984e-05
726.0 1.843701e-05
727.0 1.154569e-05
728.0 2.746991e-05
729.0 1.524657e-05
730.0 1.642770e-05
731.0 1.001979e-05
732.0 1.256077e-05
733.0 9.789806e-06
734.0 1.270488e-05
735.0 9.426930e-06
736.0 1.846519e-05
737.0 1.074411e-05
738.0 1.085189e-05
739.0 1.560435e-05
740.0 2.503621e-05
741.0 1.292767e-05
742.0 2.291860e-05
743.0 1.002315e-05
744.0 1.883243e-05
745.0 1.739989e-05
746.0 1.592172e-05
747.0 1.200207e-05
748.0 3.039707e-05
749.0 1.203008e-05
750.0 1.641220e-04
751.0 1.305467e-05
752.0 1.367210e-05
753.0 1.160112e-05
754.0 1.572981e-05
755.0 9.652491e-06
756.0 1.012775e-05
757.0 2.305390e-05
758.0 1.008613e-05
759.0 3.130165e-04
760.0 6.050837e-04
761.0 1.275703e-04
762.0 1.765397e-04
763.0 3.313955e-05
764.0 2.817989e-05
765.0 1.475005e-04
766.0 1.166092e-05
767.0 1.138696e-05
768.0 9.700256e-06
769.0 4.566473e-05
770.0 4.798920e-03
771.0 1.030022e-05
772.0 2.241007e-04
773.0 2.151750e-05
774.0 1.216010e-05
775.0 2.822363e-05
776.0 1.282887e-04
777.0 1.381804e-05
778.0 1.323525e-05
779.0 1.041965e-05
780.0 2.415479e-03
781.0 1.077490e-05
782.0 1.171953e-04
783.0 5.848825e-05
784.0 1.243370e-05
785.0 1.458979e-05
786.0 2.119211e-04
787.0 1.425932e-05
788.0 3.490783e-04
789.0 3.948414e-05
790.0 6.108800e-04
791.0 1.055526e-05
792.0 1.399792e-05
793.0 1.255711e-05
794.0 1.270132e-05
795.0 9.966040e-06
796.0 1.397661e-05
797.0 1.986582e-05
798.0 2.059427e-05
799.0 1.071422e-05
800.0 1.345506e-05
801.0 1.368338e-05
802.0 1.707127e-05
803.0 1.022821e-05
804.0 3.489519e-05
805.0 1.086385e-05
806.0 1.985229e-05
807.0 2.156092e-05
808.0 1.286931e-05
809.0 1.623485e-05
810.0 1.477628e-05
811.0 1.304974e-05
812.0 1.026618e-05
813.0 1.517770e-05
814.0 1.344482e-05
815.0 1.544831e-05
816.0 1.707818e-05
817.0 1.369077e-05
818.0 1.394359e-05
819.0 1.090721e-05
820.0 1.265493e-05
821.0 2.890461e-05
822.0 1.124836e-05
823.0 1.641616e-05
824.0 1.092871e-05
825.0 1.077666e-05
826.0 1.137965e-05
827.0 1.887751e-05
828.0 2.045301e-05
829.0 1.180856e-05
830.0 1.190269e-05
831.0 1.248671e-05
832.0 1.263430e-05
833.0 1.173531e-04
834.0 1.920789e-04
835.0 1.968025e-04
836.0 1.476877e-05
837.0 1.877114e-05
838.0 1.289959e-05
839.0 1.448289e-05
840.0 1.119264e-05
841.0 1.188201e-05
842.0 1.263242e-05
843.0 1.408289e-05
844.0 1.344863e-05
845.0 1.416829e-05
846.0 1.561664e-05
847.0 1.160501e-05
848.0 2.016299e-05
849.0 1.890264e-05
850.0 1.784315e-05
851.0 1.300081e-05
852.0 1.501735e-05
853.0 1.305283e-05
854.0 1.462681e-05
855.0 5.702950e-05
856.0 1.371753e-05
857.0 2.568368e-05
858.0 4.896125e-05
859.0 7.168524e-05
860.0 2.767924e-05
861.0 1.337852e-05
862.0 1.693661e-05
863.0 1.473858e-05
864.0 1.570494e-05
865.0 1.204006e-05
866.0 1.091653e-05
867.0 1.191438e-05
868.0 9.402320e-05
869.0 1.134648e-05
870.0 1.733061e-05
871.0 1.119595e-05
872.0 6.266087e-05
873.0 1.423066e-05
874.0 1.564765e-05
875.0 1.310816e-05
876.0 1.377179e-05
877.0 2.428760e-05
878.0 2.102190e-05
879.0 1.892017e-05
880.0 1.982170e-05
881.0 1.218737e-05
882.0 1.133708e-05
883.0 3.600584e-05
884.0 1.220005e-05
885.0 1.357051e-05
886.0 1.293325e-05
887.0 1.348399e-05
888.0 1.648787e-05
889.0 1.588713e-05
890.0 1.246589e-05
891.0 1.359312e-05
892.0 2.546608e-05
893.0 1.413415e-05
894.0 1.651509e-05
895.0 2.364703e-04
896.0 1.194309e-05
897.0 2.018272e-05
898.0 3.902521e-05
899.0 1.633902e-05
900.0 1.328214e-05
901.0 1.358120e-05
902.0 1.591820e-05
903.0 2.251527e-05
904.0 7.699188e-05
905.0 2.581737e-05
906.0 1.900066e-05
907.0 2.561744e-05
908.0 1.179571e-05
909.0 2.764720e-05
910.0 1.415049e-05
911.0 1.853924e-05
912.0 1.749854e-05
913.0 1.075155e-05
914.0 7.405974e-06
915.0 8.561796e-06
916.0 1.212846e-05
917.0 1.791578e-05
918.0 5.680411e-06
919.0 1.081991e-05
920.0 9.073470e-06
921.0 8.463953e-06
922.0 2.118338e-05
923.0 7.341297e-05
924.0 4.055581e-05
925.0 5.599786e-06
926.0 5.174360e-06
927.0 5.506900e-06
928.0 6.803126e-06
929.0 6.155673e-06
930.0 8.805885e-06
931.0 4.672981e-06
932.0 8.419715e-06
933.0 1.228068e-04
934.0 4.749337e-06
935.0 6.981573e-06
936.0 7.159395e-06
937.0 6.151317e-06
938.0 6.937922e-06
939.0 6.504623e-06
940.0 5.956415e-06
941.0 7.390923e-06
942.0 5.448620e-06
943.0 4.960706e-06
944.0 1.019354e-04
945.0 6.400828e-05
946.0 1.275172e-05
947.0 5.284210e-06
948.0 6.812492e-06
949.0 2.289880e-05
950.0 6.724371e-04
951.0 7.556659e-06
952.0 7.961769e-06
953.0 4.429976e-06
954.0 5.561400e-06
955.0 6.637378e-06
956.0 5.249669e-06
957.0 4.402160e-06
958.0 8.903871e-06
959.0 4.439784e-06
960.0 6.954832e-06
961.0 8.418379e-06
962.0 9.608655e-06
963.0 5.662590e-06
964.0 5.425080e-06
965.0 4.454990e-06
966.0 4.969385e-06
967.0 7.763337e-06
968.0 8.496839e-06
969.0 5.834919e-06
970.0 5.029981e-06
971.0 1.141574e-05
972.0 5.227229e-06
973.0 1.344747e-03
974.0 7.285332e-06
975.0 5.582017e-05
976.0 4.782726e-06
977.0 5.165373e-04
978.0 9.174759e-06
979.0 4.434458e-06
980.0 8.731069e-06
981.0 6.780277e-06
982.0 7.121320e-06
983.0 4.263849e-06
984.0 1.080485e-05
985.0 4.237201e-06
986.0 1.049372e-05
987.0 5.460789e-06
988.0 1.034589e-05
989.0 6.639131e-06
990.0 3.582297e-05
991.0 6.964275e-06
992.0 5.562192e-05
993.0 1.583534e-05
994.0 7.751429e-06
995.0 2.699981e-05
996.0 6.965245e-06
997.0 3.466851e-05
998.0 7.501259e-06
999.0 6.679662e-05
1000.0 7.562651e-06
